#Parameters = {xrot=0; Er=1; alpha=0; phi=0; theta=0; x=11812.67}
#"Frequency / GHz"	"RCS (Cartesian) (0.0 0.0 100)(Abs) [pw] (xrot=0) [Magnitude in dB]"
#--------------------------------------------------------------------------------------
1.0000000000000	-66.740211396438
1.0190000000000	-68.052815805376
1.0380000000000	-68.374426427913
1.0570000000000	-66.967210155216
1.0760000000000	-65.233993860310
1.0950000000000	-64.145586046562
1.1140000000000	-63.900660064068
1.1330000000000	-64.436369667789
1.1520000000000	-65.416830930792
1.1710000000000	-65.936120818455
1.1900000000000	-65.171220435379
1.2090000000000	-63.771924674059
1.2280000000000	-62.689750624698
1.2470000000000	-62.277087408359
1.2660000000000	-62.542222506325
1.2850000000000	-63.243300040271
1.3040000000000	-63.746059133884
1.3230000000000	-63.337658577255
1.3420000000000	-62.233836188536
1.3610000000000	-61.203077288450
1.3800000000000	-60.671082127867
1.3990000000000	-60.712742568272
1.4180000000000	-61.162740727402
1.4370000000000	-61.572376358529
1.4560000000000	-61.377366718943
1.4750000000000	-60.551819016894
1.4940000000000	-59.629625999325
1.5130000000000	-59.041825731101
1.5320000000000	-58.925094705915
1.5510000000000	-59.189286192147
1.5700000000000	-59.523512225584
1.5890000000000	-59.487962533574
1.6080000000000	-58.924650769614
1.6270000000000	-58.153317572172
1.6460000000000	-57.568256163003
1.6650000000000	-57.357293867884
1.6840000000000	-57.499010106357
1.7030000000000	-57.782093662319
1.7220000000000	-57.859327547222
1.7410000000000	-57.510518304410
1.7600000000000	-56.891039476750
1.7790000000000	-56.335547082298
1.7980000000000	-56.064197601089
1.8170000000000	-56.111240793118
1.8360000000000	-56.336935709062
1.8550000000000	-56.464856423691
1.8740000000000	-56.258028457880
1.8930000000000	-55.759186546289
1.9120000000000	-55.233361147445
1.9310000000000	-54.910451580503
1.9500000000000	-54.865057727423
1.9690000000000	-55.011085467078
1.9880000000000	-55.131200072674
2.0070000000000	-55.000225175565
2.0260000000000	-54.590145038900
2.0450000000000	-54.094077430423
2.0640000000000	-53.730336452828
2.0830000000000	-53.599911296408
2.1020000000000	-53.660292589914
2.1210000000000	-53.747178238185
2.1400000000000	-53.661772901076
2.1590000000000	-53.333101156151
2.1780000000000	-52.885027690326
2.1970000000000	-52.508845101771
2.2160000000000	-52.321111571364
2.2350000000000	-52.316465806623
2.2540000000000	-52.377659605572
2.2730000000000	-52.335757454411
2.2920000000000	-52.094182565404
2.3110000000000	-51.715815528343
2.3300000000000	-51.357456700114
2.3490000000000	-51.142804579233
2.3680000000000	-51.097228882688
2.3870000000000	-51.143227655962
2.4060000000000	-51.140206096021
2.4250000000000	-50.978713151549
2.4440000000000	-50.673275954384
2.4630000000000	-50.344839607276
2.4820000000000	-50.116835258949
2.5010000000000	-50.038053655457
2.5200000000000	-50.063424596439
2.5390000000000	-50.078449107725
2.5580000000000	-49.971191042281
2.5770000000000	-49.721681495408
2.5960000000000	-49.417036643573
2.6150000000000	-49.173650667492
2.6340000000000	-49.056086215688
2.6530000000000	-49.045446597684
2.6720000000000	-49.051829161908
2.6910000000000	-48.969161131132
2.7100000000000	-48.755435330499
2.7290000000000	-48.467194998434
2.7480000000000	-48.207826199174
2.7670000000000	-48.050458356945
2.7860000000000	-47.997403661094
2.8050000000000	-47.982307626440
2.8240000000000	-47.910524058634
2.8430000000000	-47.727175477501
2.8620000000000	-47.461430855092
2.8810000000000	-47.199085762888
2.9000000000000	-47.015741915276
2.9190000000000	-46.930749989167
2.9380000000000	-46.899647559430
2.9570000000000	-46.841619814285
2.9760000000000	-46.694906829634
2.9950000000000	-46.464882565485
3.0140000000000	-46.217520629289
3.0330000000000	-46.026307418306
3.0520000000000	-45.923752110960
3.0710000000000	-45.884794070119
3.0900000000000	-45.842865086270
3.1090000000000	-45.733750582747
3.1280000000000	-45.543674061970
3.1470000000000	-45.318992685277
3.1660000000000	-45.127805675576
3.1850000000000	-45.011975878963
3.2040000000000	-44.962961842157
3.2230000000000	-44.928164079820
3.2420000000000	-44.844769846058
3.2610000000000	-44.685214304411
3.2800000000000	-44.478051687633
3.2990000000000	-44.283600495994
3.3180000000000	-44.149340543449
3.3370000000000	-44.080365681474
3.3560000000000	-44.037667367153
3.3750000000000	-43.963227694464
3.3940000000000	-43.820923702750
3.4130000000000	-43.623916738415
3.4320000000000	-43.422852296404
3.4510000000000	-43.267227285045
3.4700000000000	-43.173010462459
3.4890000000000	-43.114267303788
3.5080000000000	-43.040281502483
3.5270000000000	-42.910568916854
3.5460000000000	-42.725111850084
3.5650000000000	-42.523357720475
3.5840000000000	-42.353527394220
3.6030000000000	-42.239794501667
3.6220000000000	-42.168362122233
3.6410000000000	-42.097119646053
3.6600000000000	-41.984142461174
3.6790000000000	-41.818255138545
3.6980000000000	-41.626915784019
3.7170000000000	-41.454451883093
3.7360000000000	-41.330746213206
3.7550000000000	-41.252810441043
3.7740000000000	-41.187558477017
3.7930000000000	-41.093800359900
3.8120000000000	-40.951483341932
3.8310000000000	-40.776344142479
3.8500000000000	-40.607055675456
3.8690000000000	-40.476954361833
3.8880000000000	-40.392334135623
3.9070000000000	-40.329136692219
3.9260000000000	-40.248801086605
3.9450000000000	-40.125034223712
3.9640000000000	-39.963011509158
3.9830000000000	-39.794685260578
4.0020000000000	-39.654776856269
4.0210000000000	-39.557247680597
4.0400000000000	-39.486883828967
4.0590000000000	-39.409456717299
4.0780000000000	-39.295151400852
4.0970000000000	-39.140184945425
4.1160000000000	-38.969120747521
4.1350000000000	-38.816084852568
4.1540000000000	-38.701003438388
4.1730000000000	-38.617125520707
4.1920000000000	-38.535892212394
4.2110000000000	-38.426343196406
4.2300000000000	-38.277310782569
4.2490000000000	-38.105457413868
4.2680000000000	-37.942389297834
4.2870000000000	-37.812196061993
4.3060000000000	-37.715922408522
4.3250000000000	-37.631475344093
4.3440000000000	-37.528551304956
4.3630000000000	-37.389986363130
4.3820000000000	-37.224245574207
4.4010000000000	-37.058728725230
4.4200000000000	-36.919916099591
4.4390000000000	-36.815755583413
4.4580000000000	-36.730964712163
4.4770000000000	-36.637275665711
4.4960000000000	-36.512924876184
4.5150000000000	-36.358335701254
4.5340000000000	-36.195475621923
4.5530000000000	-36.051615933758
4.5720000000000	-35.940618736843
4.5910000000000	-35.854111548822
4.6100000000000	-35.767061306873
4.6290000000000	-35.654671668471
4.6480000000000	-35.509999042621
4.6670000000000	-35.348834892261
4.6860000000000	-35.197820609059
4.7050000000000	-35.075692279448
4.7240000000000	-34.980959694383
4.7430000000000	-34.892950684040
4.7620000000000	-34.785545486762
4.7810000000000	-34.645478068665
4.8000000000000	-34.481942894253
4.8190000000000	-34.319598610718
4.8380000000000	-34.180918839013
4.8570000000000	-34.071146437081
4.8760000000000	-33.974991922970
4.8950000000000	-33.866696856819
4.9140000000000	-33.727815017907
4.9330000000000	-33.560599167674
4.9520000000000	-33.386284325971
4.9710000000000	-33.229770079380
4.9900000000000	-33.102720698220
5.0090000000000	-32.996076173134
5.0280000000000	-32.885939919026
5.0470000000000	-32.749712742439
5.0660000000000	-32.582278859203
5.0850000000000	-32.399860575322
5.1040000000000	-32.228310110237
5.1230000000000	-32.085301665975
5.1420000000000	-31.968759943539
5.1610000000000	-31.858029419604
5.1800000000000	-31.727295284433
5.1990000000000	-31.563574929110
5.2180000000000	-31.376361517995
5.2370000000000	-31.190896273500
5.2560000000000	-31.030532469448
5.2750000000000	-30.901130152158
5.2940000000000	-30.786826040701
5.3130000000000	-30.659590005680
5.3320000000000	-30.497927007366
5.3510000000000	-30.302525833413
5.3700000000000	-30.096229417940
5.3890000000000	-29.908024686435
5.4080000000000	-29.753376854503
5.4270000000000	-29.623494800880
5.4460000000000	-29.489376096832
5.4650000000000	-29.319720351629
5.4840000000000	-29.102994931781
5.5030000000000	-28.857032125944
5.5220000000000	-28.617337233365
5.5410000000000	-28.413304331708
5.5600000000000	-28.248714980126
5.5790000000000	-28.097007280889
5.5980000000000	-27.915539819074
5.6170000000000	-27.675748426230
5.6360000000000	-27.391692433469
5.6550000000000	-27.124230933098
5.6740000000000	-26.959716611653
5.6930000000000	-26.984602828084
5.7120000000000	-27.271928876643
5.7310000000000	-27.878305775414
5.7500000000000	-28.840528237231
5.7690000000000	-30.153856693639
5.7880000000000	-31.695579249932
5.8070000000000	-33.061253861407
5.8260000000000	-33.572955803649
5.8450000000000	-33.017374732064
5.8640000000000	-31.964131680585
5.8830000000000	-30.943413865488
5.9020000000000	-30.137571938328
5.9210000000000	-29.538471760571
5.9400000000000	-29.071447015648
5.9590000000000	-28.655196712487
5.9780000000000	-28.238188796765
5.9970000000000	-27.817161478137
6.0160000000000	-27.431556981730
6.0350000000000	-27.141856110037
6.0540000000000	-27.009400849612
6.0730000000000	-27.086921081250
6.0920000000000	-27.417691715354
6.1110000000000	-28.037451939377
6.1300000000000	-28.973184112643
6.1490000000000	-30.229711523479
6.1680000000000	-31.742530978001
6.1870000000000	-33.260159773409
6.2060000000000	-34.228413962328
6.2250000000000	-34.152904341486
6.2440000000000	-33.272076841497
6.2630000000000	-32.169027519588
6.2820000000000	-31.164662129942
6.3010000000000	-30.332055134328
6.3200000000000	-29.644555561658
6.3390000000000	-29.055323384535
6.3580000000000	-28.530364021767
6.3770000000000	-28.057931288205
6.3960000000000	-27.643949875258
6.4150000000000	-27.301756314329
6.4340000000000	-27.043664504434
6.4530000000000	-26.877849294806
6.4720000000000	-26.809980231574
6.4910000000000	-26.847119956557
6.5100000000000	-27.001283486627
6.5290000000000	-27.290940262085
6.5480000000000	-27.740052925685
6.5670000000000	-28.375275677749
6.5860000000000	-29.222032370270
6.6050000000000	-30.299161707879
6.6240000000000	-31.609591142851
6.6430000000000	-33.120532631365
6.6620000000000	-34.721762958892
6.6810000000000	-36.161503079757
6.7000000000000	-37.047195667189
6.7190000000000	-37.097521851500
6.7380000000000	-36.433677271646
6.7570000000000	-35.404403800550
6.7760000000000	-34.281177059581
6.7950000000000	-33.203133900973
6.8140000000000	-32.229240114906
6.8330000000000	-31.377627611079
6.8520000000000	-30.644185526781
6.8710000000000	-30.012688572320
6.8900000000000	-29.462780092498
6.9090000000000	-28.976874171142
6.9280000000000	-28.544672022053
6.9470000000000	-28.163949750147
6.9660000000000	-27.837901073984
6.9850000000000	-27.571040003320
7.0040000000000	-27.366035554425
7.0230000000000	-27.222851744088
7.0420000000000	-27.140152254531
7.0610000000000	-27.117859273583
7.0800000000000	-27.159340089140
7.0990000000000	-27.272033092965
7.1180000000000	-27.466244688775
7.1370000000000	-27.752809320315
7.1560000000000	-28.140758246969
7.1750000000000	-28.635986543422
7.1940000000000	-29.241422546762
7.2130000000000	-29.958642661338
7.2320000000000	-30.790276820443
7.2510000000000	-31.741904053610
7.2700000000000	-32.821525191143
7.2890000000000	-34.034069994732
7.3080000000000	-35.367192162118
7.3270000000000	-36.762685971744
7.3460000000000	-38.071868677645
7.3650000000000	-39.030769972140
7.3840000000000	-39.365545031800
7.4030000000000	-39.027103512412
7.4220000000000	-38.228213168166
7.4410000000000	-37.225760257891
7.4600000000000	-36.185344444574
7.4790000000000	-35.189234577875
7.4980000000000	-34.274139747759
7.5170000000000	-33.453470580512
7.5360000000000	-32.726770959721
7.5550000000000	-32.084609845895
7.5740000000000	-31.513002838444
7.5930000000000	-30.997975424279
7.6120000000000	-30.529181486338
7.6310000000000	-30.101282461182
7.6500000000000	-29.712773365832
7.6690000000000	-29.363293800555
7.6880000000000	-29.051142441129
7.7070000000000	-28.772329378465
7.7260000000000	-28.521463270085
7.7450000000000	-28.293727168685
7.7640000000000	-28.086647348017
7.7830000000000	-27.900575267008
7.8020000000000	-27.737667941423
7.8210000000000	-27.600098175945
7.8400000000000	-27.488628058452
7.8590000000000	-27.402357105883
7.8780000000000	-27.339708734051
7.8970000000000	-27.300002687532
7.9160000000000	-27.284654255748
7.9350000000000	-27.297312217409
7.9540000000000	-27.342930611439
7.9730000000000	-27.426415245733
7.9920000000000	-27.551691372267
8.0110000000000	-27.721738464157
8.0300000000000	-27.939565425629
8.0490000000000	-28.209574167359
8.0680000000000	-28.538540734363
8.0870000000000	-28.935642066790
8.1060000000000	-29.411450740408
8.1250000000000	-29.976292467013
8.1440000000000	-30.638512413363
8.1630000000000	-31.402917862137
8.1820000000000	-32.268979654585
8.2010000000000	-33.227278611244
8.2200000000000	-34.251235649801
8.2390000000000	-35.280465454351
8.2580000000000	-36.197462114614
8.2770000000000	-36.822658907975
8.2960000000000	-36.982599395191
8.3150000000000	-36.641322213933
8.3340000000000	-35.935628001430
8.3530000000000	-35.058727796214
8.3720000000000	-34.153588677490
8.3910000000000	-33.294421019623
8.4100000000000	-32.509574546774
8.4290000000000	-31.804996315107
8.4480000000000	-31.178400191132
8.4670000000000	-30.625730595118
8.4860000000000	-30.142999710108
8.5050000000000	-29.726027658120
8.5240000000000	-29.369850934305
8.5430000000000	-29.068748500995
8.5620000000000	-28.817055431996
8.5810000000000	-28.610349905564
8.6000000000000	-28.446359609989
8.6190000000000	-28.325099750285
8.6380000000000	-28.248209516933
8.6570000000000	-28.217909896753
8.6760000000000	-28.236187100448
8.6950000000000	-28.304635940212
8.7140000000000	-28.425008443127
8.7330000000000	-28.600123366869
8.7520000000000	-28.834595197103
8.7710000000000	-29.134932020079
8.7900000000000	-29.508873074931
8.8090000000000	-29.964193568221
8.8280000000000	-30.507384756064
8.8470000000000	-31.142520097316
8.8660000000000	-31.870259128589
8.8850000000000	-32.686367834258
8.9040000000000	-33.578403445418
8.9230000000000	-34.518580103236
8.9420000000000	-35.451440734437
8.9610000000000	-36.280201910860
8.9800000000000	-36.869757867117
8.9990000000000	-37.094597457611
9.0180000000000	-36.918944592489
9.0370000000000	-36.423825613808
9.0560000000000	-35.744321350558
9.0750000000000	-34.996091116019
9.0940000000000	-34.250187203183
9.1130000000000	-33.541794265967
9.1320000000000	-32.885674386232
9.1510000000000	-32.287003213381
9.1700000000000	-31.746620260868
9.1890000000000	-31.262765090250
9.2080000000000	-30.831472202762
9.2270000000000	-30.447027477512
9.2460000000000	-30.102973231678
9.2650000000000	-29.793415946248
9.2840000000000	-29.514036880230
9.3030000000000	-29.262310589000
9.3220000000000	-29.036884547386
9.3410000000000	-28.836554826085
9.3600000000000	-28.659471200582
9.3790000000000	-28.503015369474
9.3980000000000	-28.364361707032
9.4170000000000	-28.241316507528
9.4360000000000	-28.132877912451
9.4550000000000	-28.039156002050
9.4740000000000	-27.960714185574
9.4930000000000	-27.897759818776
9.5120000000000	-27.849689908328
9.5310000000000	-27.815256846124
9.5500000000000	-27.793225322595
9.5690000000000	-27.783087290035
9.5880000000000	-27.785372982322
9.6070000000000	-27.801363345441
9.6260000000000	-27.832398782358
9.6450000000000	-27.879233107397
9.6640000000000	-27.941842655421
9.6830000000000	-28.019807398709
9.7020000000000	-28.113020702769
9.7210000000000	-28.222276169219
9.7400000000000	-28.349356262705
9.7590000000000	-28.496565944757
9.7780000000000	-28.666009814249
9.7970000000000	-28.859073291154
9.8160000000000	-29.076441445966
9.8350000000000	-29.318657465247
9.8540000000000	-29.586883184975
9.8730000000000	-29.883380171493
9.8920000000000	-30.211382322447
9.9110000000000	-30.574399297277
9.9300000000000	-30.975345403204
9.9490000000000	-31.416007154940
9.9680000000000	-31.897168184339
9.9870000000000	-32.419296314484
10.006000000000	-32.983270587969
10.025000000000	-33.590424983885
10.044000000000	-34.241362369357
10.063000000000	-34.933484563311
10.082000000000	-35.657734782718
10.101000000000	-36.395406108703
10.120000000000	-37.115963547204
10.139000000000	-37.776775611982
10.158000000000	-38.325725688227
10.177000000000	-38.708083298999
10.196000000000	-38.878848123783
10.215000000000	-38.818365061320
10.234000000000	-38.542561606633
10.253000000000	-38.098488112694
10.272000000000	-37.546760264901
10.291000000000	-36.942870415564
10.310000000000	-36.326953267503
10.329000000000	-35.722851090229
10.348000000000	-35.142416823498
10.367000000000	-34.590912929276
10.386000000000	-34.071021606140
10.405000000000	-33.584649258796
10.424000000000	-33.132957035514
10.443000000000	-32.715687268284
10.462000000000	-32.330805181771
10.481000000000	-31.974935461932
10.500000000000	-31.644419282440
10.519000000000	-31.336393039782
10.538000000000	-31.049285816137
10.557000000000	-30.782513727521
10.576000000000	-30.535652281334
10.595000000000	-30.307659677161
10.614000000000	-30.096637208741
10.633000000000	-29.900237646703
10.652000000000	-29.716418108748
10.671000000000	-29.544030685858
10.690000000000	-29.382870984027
10.709000000000	-29.233173428119
10.728000000000	-29.094902219481
10.747000000000	-28.967301414501
10.766000000000	-28.848978678882
10.785000000000	-28.738443354523
10.804000000000	-28.634728910906
10.823000000000	-28.537685106596
10.842000000000	-28.447753858166
10.861000000000	-28.365389722396
10.880000000000	-28.290514971981
10.899000000000	-28.222363582948
10.918000000000	-28.159804226918
10.937000000000	-28.101917302789
10.956000000000	-28.048437734354
10.975000000000	-27.999770185535
10.994000000000	-27.956573605476
11.013000000000	-27.919199179413
11.032000000000	-27.887356323317
11.051000000000	-27.860222729783
11.070000000000	-27.836918348503
11.089000000000	-27.817023266694
11.108000000000	-27.800792421240
11.127000000000	-27.788925950902
11.146000000000	-27.782053797544
11.165000000000	-27.780281786466
11.184000000000	-27.783100140788
11.203000000000	-27.789711698850
11.222000000000	-27.799558225185
11.241000000000	-27.812691135557
11.260000000000	-27.829737401713
11.279000000000	-27.851484803681
11.298000000000	-27.878366456324
11.317000000000	-27.910189436727
11.336000000000	-27.946287568663
11.355000000000	-27.985996064321
11.374000000000	-28.029130196488
11.393000000000	-28.076144991680
11.412000000000	-28.127866350424
11.431000000000	-28.184973271151
11.450000000000	-28.247578212978
11.469000000000	-28.315187006866
11.488000000000	-28.387067788839
11.507000000000	-28.462785139334
11.526000000000	-28.542540506535
11.545000000000	-28.627085306269
11.564000000000	-28.717260170071
11.583000000000	-28.813467590926
11.602000000000	-28.915432762586
11.621000000000	-29.022418337794
11.640000000000	-29.133757193870
11.659000000000	-29.249349183611
11.678000000000	-29.369782534830
11.697000000000	-29.495988353713
11.716000000000	-29.628653709952
11.735000000000	-29.767787232205
11.754000000000	-29.912736130119
11.773000000000	-30.062656623489
11.792000000000	-30.217132100533
11.811000000000	-30.376520091398
11.830000000000	-30.541779426237
11.849000000000	-30.713879053249
11.868000000000	-30.893180958606
11.887000000000	-31.079219388315
11.906000000000	-31.271043562153
11.925000000000	-31.467913189549
11.944000000000	-31.669881678664
11.963000000000	-31.877854606394
11.982000000000	-32.093056887807
12.001000000000	-32.316251891818
12.020000000000	-32.547242621003
12.039000000000	-32.785015080405
12.058000000000	-33.028460208898
12.077000000000	-33.277202883475
12.096000000000	-33.531956606820
12.115000000000	-33.794118786687
12.134000000000	-34.064843919339
12.153000000000	-34.344215482954
12.172000000000	-34.631105376528
12.191000000000	-34.923867620994
12.210000000000	-35.221432875651
12.229000000000	-35.524039748879
12.248000000000	-35.833030315997
12.267000000000	-36.149772145039
12.286000000000	-36.474410943042
12.305000000000	-36.805335662641
12.324000000000	-37.139800488717
12.343000000000	-37.475348219170
12.362000000000	-37.811035742847
12.381000000000	-38.147485053046
12.400000000000	-38.485570955463
12.419000000000	-38.824584996620
12.438000000000	-39.161203968350
12.457000000000	-39.490132928109
12.476000000000	-39.806120435869
12.495000000000	-40.105916460986
12.514000000000	-40.388587074646
12.533000000000	-40.653771407582
12.552000000000	-40.899161609432
12.571000000000	-41.119295255997
12.590000000000	-41.306917516712
12.609000000000	-41.456185911624
12.628000000000	-41.565321134230
12.647000000000	-41.636525123478
12.666000000000	-41.673217624593
12.685000000000	-41.676942691519
12.704000000000	-41.646543279402
12.723000000000	-41.580248510941
12.742000000000	-41.478854493274
12.761000000000	-41.347241595519
12.780000000000	-41.192902877120
12.799000000000	-41.022685757590
12.818000000000	-40.840286463828
12.837000000000	-40.646229387418
12.856000000000	-40.440071664950
12.875000000000	-40.222980199957
12.894000000000	-39.998708281774
12.913000000000	-39.772359756986
12.932000000000	-39.548036863673
12.951000000000	-39.327173585434
12.970000000000	-39.108687381576
12.989000000000	-38.890720254385
13.008000000000	-38.672660973320
13.027000000000	-38.456024263707
13.046000000000	-38.243658625948
13.065000000000	-38.037975889258
13.084000000000	-37.839522247344
13.103000000000	-37.646863422127
13.122000000000	-37.457792046800
13.141000000000	-37.270966401133
13.160000000000	-37.086831597043
13.179000000000	-36.907222371241
13.198000000000	-36.733999442300
13.217000000000	-36.567720891002
13.236000000000	-36.407260658546
13.255000000000	-36.250591444335
13.274000000000	-36.096151330909
13.293000000000	-35.943833009253
13.312000000000	-35.794924116385
13.331000000000	-35.651082815073
13.350000000000	-35.513099271327
13.369000000000	-35.380302500931
13.388000000000	-35.250992694482
13.407000000000	-35.123570323297
13.426000000000	-34.997566006996
13.445000000000	-34.873860270001
13.464000000000	-34.753964523307
13.483000000000	-34.638892397002
13.502000000000	-34.528411695475
13.521000000000	-34.421176079739
13.540000000000	-34.315622386587
13.559000000000	-34.210999501704
13.578000000000	-34.107813524536
13.597000000000	-34.007392491918
13.616000000000	-33.910895114430
13.635000000000	-33.818462692731
13.654000000000	-33.729091845409
13.673000000000	-33.641298710141
13.692000000000	-33.554103748832
13.711000000000	-33.467650594520
13.730000000000	-33.383034431422
13.749000000000	-33.301474656181
13.768000000000	-33.223419229090
13.787000000000	-33.148198799984
13.806000000000	-33.074457648120
13.825000000000	-33.001053776870
13.844000000000	-32.927799941758
13.863000000000	-32.855531927942
13.882000000000	-32.785466450377
13.901000000000	-32.718307529333
13.920000000000	-32.653723683357
13.939000000000	-32.590549933002
13.958000000000	-32.527566691810
13.977000000000	-32.464311306258
13.996000000000	-32.401357080740
14.015000000000	-32.339870824232
14.034000000000	-32.280767397879
14.053000000000	-32.224053763148
14.072000000000	-32.168812406170
14.091000000000	-32.113828359670
14.110000000000	-32.058420793736
14.129000000000	-32.002898887831
14.148000000000	-31.948326260735
14.167000000000	-31.895765782186
14.186000000000	-31.845536287320
14.205000000000	-31.796994693620
14.224000000000	-31.748988083141
14.243000000000	-31.700658094071
14.262000000000	-31.652036092151
14.281000000000	-31.604013946274
14.300000000000	-31.557715296619
14.319000000000	-31.513711041448
14.338000000000	-31.471623745608
14.357000000000	-31.430390009012
14.376000000000	-31.388995014158
14.395000000000	-31.347166814697
14.414000000000	-31.305545019559
14.433000000000	-31.265208072115
14.452000000000	-31.226894073693
14.471000000000	-31.190459592635
14.490000000000	-31.154949936645
14.509000000000	-31.119230620404
14.528000000000	-31.082741643819
14.547000000000	-31.045848783385
14.566000000000	-31.009547933389
14.585000000000	-30.974734268430
14.604000000000	-30.941550173369
14.623000000000	-30.909265031944
14.642000000000	-30.876768626182
14.661000000000	-30.843334578245
14.680000000000	-30.809120028709
14.699000000000	-30.775050528002
14.718000000000	-30.742172332223
14.737000000000	-30.710927189766
14.756000000000	-30.680853627421
14.775000000000	-30.650919320325
14.794000000000	-30.620252215654
14.813000000000	-30.588759837598
14.832000000000	-30.557202035196
14.851000000000	-30.526666879618
14.870000000000	-30.497819134427
14.889000000000	-30.470445843156
14.908000000000	-30.443613047255
14.927000000000	-30.416324071523
14.946000000000	-30.388221054417
14.965000000000	-30.359838090863
14.984000000000	-30.332228027690
15.003000000000	-30.306226150421
15.022000000000	-30.281866039903
15.041000000000	-30.258352918266
15.060000000000	-30.234612622818
15.079000000000	-30.210035053954
15.098000000000	-30.184892074552
15.117000000000	-30.160135490510
15.136000000000	-30.136717466116
15.155000000000	-30.114910220880
15.174000000000	-30.094098946142
15.193000000000	-30.073192099339
15.212000000000	-30.051365389748
15.231000000000	-30.028620392393
15.250000000000	-30.005764567553
15.269000000000	-29.983826383236
15.288000000000	-29.963316927042
15.307000000000	-29.943854166629
15.326000000000	-29.924411781184
15.345000000000	-29.904021435503
15.364000000000	-29.882439589771
15.383000000000	-29.860309935119
15.402000000000	-29.838705920670
15.421000000000	-29.818375303714
15.440000000000	-29.799215771935
15.459000000000	-29.780346901585
15.478000000000	-29.760729630898
15.497000000000	-29.739902587047
15.516000000000	-29.718318137772
15.535000000000	-29.697039561109
15.554000000000	-29.677011660298
15.573000000000	-29.658415862634
15.592000000000	-29.640558845334
15.611000000000	-29.622372589903
15.630000000000	-29.603179034800
15.649000000000	-29.583183737765
15.668000000000	-29.563348929647
15.687000000000	-29.544733547793
15.706000000000	-29.527762847400
15.725000000000	-29.511936960964
15.744000000000	-29.496181762086
15.763000000000	-29.479600334889
15.782000000000	-29.462101027853
15.801000000000	-29.444458949541
15.820000000000	-29.427765258375
15.839000000000	-29.412650611135
15.858000000000	-29.398826009290
15.877000000000	-29.385262175322
15.896000000000	-29.370886342262
15.915000000000	-29.355312957819
15.934000000000	-29.339094472180
15.953000000000	-29.323312815634
15.972000000000	-29.308798056876
15.991000000000	-29.295522303348
16.010000000000	-29.282593125818
16.029000000000	-29.268854856065
16.048000000000	-29.253682047809
16.067000000000	-29.237408422575
16.086000000000	-29.221085881177
16.105000000000	-29.205741334460
16.124000000000	-29.191653078973
16.143000000000	-29.178152895407
16.162000000000	-29.164094191649
16.181000000000	-29.148663359125
16.200000000000	-29.131966372423
16.219000000000	-29.114974129608
16.238000000000	-29.098861734810
16.257000000000	-29.084205128415
16.276000000000	-29.070596629205
16.295000000000	-29.056948359820
16.314000000000	-29.042275482019
16.333000000000	-29.026412998963
16.352000000000	-29.010159165775
16.371000000000	-28.994740142616
16.390000000000	-28.980970494088
16.409000000000	-28.968696638054
16.428000000000	-28.956911899812
16.447000000000	-28.944466856419
16.466000000000	-28.930882474061
16.485000000000	-28.916693734910
16.504000000000	-28.903076941897
16.523000000000	-28.891020183830
16.542000000000	-28.880618031886
16.561000000000	-28.870983790269
16.580000000000	-28.860845068756
16.599000000000	-28.849412989263
16.618000000000	-28.836916260258
16.637000000000	-28.824419377270
16.656000000000	-28.813049270580
16.675000000000	-28.803173170149
16.694000000000	-28.794104006900
16.713000000000	-28.784543554245
16.732000000000	-28.773461403464
16.751000000000	-28.760796729335
16.770000000000	-28.747484683811
16.789000000000	-28.734784028764
16.808000000000	-28.723378162951
16.827000000000	-28.712880349327
16.846000000000	-28.702091848878
16.865000000000	-28.689839458844
16.884000000000	-28.675810075404
16.903000000000	-28.660791677266
16.922000000000	-28.646144680217
16.941000000000	-28.632873481916
16.960000000000	-28.620948999286
16.979000000000	-28.609356102089
16.998000000000	-28.596837302299
17.017000000000	-28.582817251280
17.036000000000	-28.567856264591
17.055000000000	-28.553306012025
17.074000000000	-28.540405147797
17.093000000000	-28.529447662871
17.112000000000	-28.519604074185
17.131000000000	-28.509523405494
17.150000000000	-28.498302000436
17.169000000000	-28.486140449283
17.188000000000	-28.474219248402
17.207000000000	-28.463874345647
17.226000000000	-28.455649428496
17.245000000000	-28.448887674479
17.264000000000	-28.442152300441
17.283000000000	-28.434192394400
17.302000000000	-28.424783095703
17.321000000000	-28.414844350689
17.340000000000	-28.405747545028
17.359000000000	-28.398296116554
17.378000000000	-28.392096410156
17.397000000000	-28.385764083103
17.416000000000	-28.377833727462
17.435000000000	-28.367743780232
17.454000000000	-28.356201149108
17.473000000000	-28.344660137280
17.492000000000	-28.334279793414
17.511000000000	-28.325092941020
17.530000000000	-28.315971060087
17.549000000000	-28.305417484917
17.568000000000	-28.292641913979
17.587000000000	-28.278158620063
17.606000000000	-28.263476211418
17.625000000000	-28.250091204137
17.644000000000	-28.238491010838
17.663000000000	-28.227862796036
17.682000000000	-28.216714628185
17.701000000000	-28.203982412032
17.720000000000	-28.189846532626
17.739000000000	-28.175673368687
17.758000000000	-28.163114014459
17.777000000000	-28.152990591450
17.796000000000	-28.144747780894
17.815000000000	-28.136854874554
17.834000000000	-28.127888248754
17.853000000000	-28.117543072751
17.872000000000	-28.106856371246
17.891000000000	-28.097473936877
17.910000000000	-28.090472816533
17.929000000000	-28.085564226106
17.948000000000	-28.081237568264
17.967000000000	-28.075758597388
17.986000000000	-28.068336234971
18.005000000000	-28.059635435835
18.024000000000	-28.051262675822
18.043000000000	-28.044580701267
18.062000000000	-28.039685435560
18.081000000000	-28.035264800606
18.100000000000	-28.029450905686
18.119000000000	-28.021084938156
18.138000000000	-28.010506750929
18.157000000000	-27.999299319715
18.176000000000	-27.989159761009
18.195000000000	-27.980691168511
18.214000000000	-27.972963699453
18.233000000000	-27.964159729939
18.252000000000	-27.952866221589
18.271000000000	-27.939110717587
18.290000000000	-27.924398016110
18.309000000000	-27.910709704915
18.328000000000	-27.899168522033
18.347000000000	-27.889302676589
18.366000000000	-27.879426060872
18.385000000000	-27.867880374356
18.404000000000	-27.854276420737
18.423000000000	-27.839851099838
18.442000000000	-27.826673312394
18.461000000000	-27.816252076216
18.480000000000	-27.808520218238
18.499000000000	-27.801902913985
18.518000000000	-27.794435104554
18.537000000000	-27.785161232526
18.556000000000	-27.774830716315
18.575000000000	-27.765382640877
18.594000000000	-27.758573412763
18.613000000000	-27.754708934232
18.632000000000	-27.752368498553
18.651000000000	-27.749326897827
18.670000000000	-27.744052890469
18.689000000000	-27.736737198071
18.708000000000	-27.729108984448
18.727000000000	-27.723156970477
18.746000000000	-27.719653759373
18.765000000000	-27.717519760417
18.784000000000	-27.714483851032
18.803000000000	-27.708604093818
18.822000000000	-27.699592790065
18.841000000000	-27.688996214791
18.860000000000	-27.679084400520
18.879000000000	-27.671231226407
18.898000000000	-27.664923759994
18.917000000000	-27.658099899426
18.936000000000	-27.648598441050
18.955000000000	-27.635719531696
18.974000000000	-27.620783413761
18.993000000000	-27.606271020709
19.012000000000	-27.594146418656
19.031000000000	-27.584539013129
19.050000000000	-27.575705697120
19.069000000000	-27.565312374362
19.088000000000	-27.552156833216
19.107000000000	-27.537116457275
19.126000000000	-27.522628907838
19.145000000000	-27.511060429940
19.164000000000	-27.503106232509
19.183000000000	-27.497337081174
19.202000000000	-27.491217856522
19.221000000000	-27.482912409868
19.240000000000	-27.472615423588
19.259000000000	-27.462450618930
19.278000000000	-27.454988241839
19.297000000000	-27.451420888847
19.316000000000	-27.450671768884
19.335000000000	-27.450066711495
19.354000000000	-27.447133533240
19.373000000000	-27.441288685124
19.392000000000	-27.434205012218
19.411000000000	-27.428574594203
19.430000000000	-27.426132821941
19.449000000000	-27.426331241826
19.468000000000	-27.426594879258
19.487000000000	-27.424017799151
19.506000000000	-27.417340155423
19.525000000000	-27.407802100201
19.544000000000	-27.398238454341
19.563000000000	-27.391043908323
19.582000000000	-27.386443535552
19.601000000000	-27.382282102761
19.620000000000	-27.375502998654
19.639000000000	-27.364315035056
19.658000000000	-27.349518007719
19.677000000000	-27.334014560038
19.696000000000	-27.320837242349
19.715000000000	-27.311083033966
19.734000000000	-27.303197702064
19.753000000000	-27.294118678039
19.772000000000	-27.281510819383
19.791000000000	-27.265534063068
19.810000000000	-27.248862912253
19.829000000000	-27.234919068947
19.848000000000	-27.225561739735
19.867000000000	-27.219846541898
19.886000000000	-27.214718185412
19.905000000000	-27.207188817024
19.924000000000	-27.196504652324
19.943000000000	-27.184751544402
19.962000000000	-27.175436053104
19.981000000000	-27.171034837240
20.000000000000	-27.171226493031
